0, 0, 39, 1
0, 0, 194, 1
0, 0, 147, 1
0, 0, 147, 1
0, 0
0, 0
0, 0
0, 0, 188, 1
0, 0
0, 0
0, 0, 147, 1
0, 0
0, 0
0, 0, 165, 1
0, 0
0, 0, 41, 1
0, 0
0, 0, 331, 1
0, 0, 140, 1
0, 0
0, 0, 479, 1
0, 0
0, 0, 480, 1
0, 0, 478, 1
0, 0, 1175, 1
0, 0, 480, 1
0, 0, 499, 1
0, 0, 480, 1
0, 0, 505, 1
0, 0
0, 0
0, 0
0, 0, 696, 1
0, 0, 552, 1
0, 0
0, 0
0, 0
0, 0
0, 0
0, 0
0, 0, 215, 1
0, 0
0, 0
0, 0, 216, 1
0, 0
0, 0, 355, 1
0, 0
0, 0, 312, 1
0, 0, 216, 1
0, 0, 236, 1
0, 0, 216, 1
0, 0, 310, 1
0, 0, 214, 1
0, 0
0, 0, 311, 1
0, 0
0, 0
0, 0
0, 0
0, 0
0, 0, 1075, 1
0, 0
0, 0
0, 0
0, 0
0, 0, 1226, 1
0, 0
0, 0
0, 0
0, 0, 2034, 1
0, 0, 1152, 1
0, 0
0, 0
0, 0, 1151, 1
0, 0, 1112, 1
0, 0, 1154, 1
0, 0, 1056, 1
0, 0
0, 0, 1681, 1
0, 0
0, 0, 2907, 1
0, 0, 2879, 1
0, 0, 5060, 1
0, 0
0, 0
0, 0
0, 0, 2958, 1
0, 0, 2974, 1
0, 0, 3020, 1
0, 0
0, 0
0, 0
0, 0
0, 0
0, 0
0, 0
0, 0
0, 0, 2878, 1
0, 0
0, 0
0, 0, 209, 1
0, 0, 668, 1
0, 0, 218, 1
0, 0
0, 0
0, 0
0, 0, 336, 1
0, 0, 549, 1
0, 0
0, 0
0, 0, 317, 1
0, 0
0, 0, 210, 1
0, 0
0, 0, 551, 1
0, 0
0, 0
0, 0
0, 0, 19, 1
0, 0, 570, 1
0, 0, 212, 1
0, 0
0, 0
0, 0
0, 0, 213, 1
0, 0, 306, 1
0, 0
0, 0, 219, 1
0, 0, 238, 1
0, 0
0, 0, 359, 1
0, 0, 213, 1
0, 0, 305, 1
0, 0, 361, 1
0, 0
0, 0, 306, 1
0, 0
0, 0
0, 0
0, 0
0, 0, 1338, 1
0, 0
0, 0
0, 0, 1391, 1
0, 0, 1391, 1
0, 0
0, 0, 1357, 1
0, 0
0, 0
0, 0
0, 0
0, 0
0, 0, 1680, 1
0, 0, 1655, 1
0, 0
0, 0, 1629, 1
0, 0
0, 0
0, 0, 1950, 1
0, 0
0, 0, 16, 1
0, 0, 24, 1
0, 0
0, 0
0, 0, 147, 1
0, 0
0, 0
0, 0
0, 0, 66, 1
0, 0
0, 0, 17, 1
0, 0
0, 0
0, 0, 141, 1
0, 0
0, 0
0, 0, 141, 1
0, 0, 20, 1
0, 0, 44, 1
0, 0, 20, 1
0, 0, 22, 1
0, 0, 1, 1
0, 0, 2, 1
0, 0
0, 0, 165, 1
0, 0
0, 0
0, 0, 987, 1
0, 0
0, 0
0, 0, 23, 1
0, 0, 1673, 1
0, 0
0, 0
0, 0
0, 0, 2097, 1
0, 0
0, 0
0, 0, 142, 1
0, 0, 20, 1
0, 0, 73, 1
0, 0, 72, 1
0, 0
0, 0, 122, 1
0, 0, 76, 1
0, 0, 139, 1
0, 0
0, 0, 142, 1
0, 0, 142, 1
0, 0
0, 0
0, 0
0, 0, 143, 1
0, 0
0, 0, 141, 1
0, 0, 142, 1
0, 0
0, 0
0, 0
0, 0
0, 0, 695, 1
0, 0
0, 0
0, 0
0, 0, 718, 1
0, 0, 716, 1
0, 0, 716, 1
0, 0, 743, 1
0, 0, 334, 1
0, 0
0, 0, 736, 1
0, 0
0, 0, 701, 1
0, 0, 695, 1
0, 0
0, 0
0, 0
0, 0
0, 0
0, 0, 812, 1
0, 0, 1009, 1
0, 0
0, 0, 1218, 1
0, 0, 1226, 1
0, 0, 1195, 1
0, 0
0, 0
0, 0, 1228, 1
0, 0, 1226, 1
0, 0, 1013, 1
0, 0
0, 0, 821, 1
0, 0
0, 0, 1417, 1
0, 0
0, 0
0, 0, 1319, 1
0, 0
0, 0
0, 0
0, 0
0, 0, 2, 1
0, 0
0, 0
0, 0
0, 0
0, 0, 48, 1
0, 0
0, 0
0, 0
0, 0
0, 0, 1, 1
0, 0
0, 0
0, 0
0, 0
0, 0
0, 0
0, 0
0, 0
0, 0, 844, 1
0, 0, 599, 1
0, 0, 960, 1
0, 0, 598, 1
0, 0
0, 0, 986, 1
0, 0
0, 0
0, 0, 815, 1
0, 0
0, 0
0, 0
0, 0
0, 0, 844, 1
0, 0, 879, 1
0, 0, 940, 1
0, 0, 811, 1
0, 0
0, 0
0, 0
0, 0, 1151, 1
0, 0, 1319, 1
0, 0, 1324, 1
0, 0
0, 0, 1316, 1
0, 0
0, 0, 1248, 1
0, 0
0, 0
0, 0, 1248, 1
0, 0
0, 0, 1248, 1
0, 0
0, 0, 1154, 1
0, 0, 1152, 1
0, 0, 1178, 1
0, 0
0, 0
0, 0
0, 0
0, 0, 3238, 1
0, 0, 1826, 1
0, 0, 2160, 1
0, 0, 3238, 1
0, 0, 1827, 1
0, 0
0, 0, 2939, 1
0, 0, 1844, 1
0, 0
0, 0
0, 0, 3408, 1
0, 0
0, 0, 3935, 1
0, 0, 3238, 1
0, 0
0, 0
0, 0
0, 0
0, 0
0, 0
0, 0
0, 0
0, 0
0, 0
0, 0
0, 0
0, 0
0, 0
0, 0
0, 0
0, 0
0, 0
0, 0, 364, 1
0, 0
0, 0
0, 0
0, 0
0, 0
0, 0
0, 0
0, 0, 1224, 1
0, 0, 1342, 1
0, 0
0, 0
0, 0
0, 0
0, 0
0, 0, 1, 1
0, 0, 1247, 1
0, 0, 1249, 1
0, 0
0, 0, 1319, 1
0, 0, 1318, 1
0, 0
0, 0, 1444, 1
0, 0
0, 0
0, 0, 1365, 1
0, 0, 1363, 1
0, 0
0, 0, 46, 1
0, 0, 699, 1
0, 0
0, 0, 548, 1
0, 0, 141, 1
0, 0, 237, 1
0, 0
0, 0, 313, 1
0, 0, 49, 1
0, 0, 45, 1
0, 0
0, 0
0, 0, 506, 1
0, 0
0, 0
0, 0
0, 0
0, 0, 717, 1
0, 0
0, 0
0, 0, 316, 1
0, 0, 380, 1
0, 0
0, 0, 334, 1
0, 0
0, 0
0, 0, 477, 1
0, 0
0, 0, 318, 1
0, 0
0, 0, 318, 1
0, 0, 528, 1
0, 0, 477, 1
0, 0, 530, 1
0, 0, 344, 1
0, 0
0, 0
0, 0
0, 0
0, 0
0, 0, 379, 1
0, 0
0, 0, 906, 1
0, 0
0, 0
0, 0
0, 0
0, 0
0, 0
0, 0, 546, 1
0, 0
0, 0, 563, 1
0, 0, 838, 1
0, 0
0, 0, 549, 1
0, 0, 402, 1
0, 0, 388, 1
0, 0, 378, 1
0, 0, 839, 1
0, 0
0, 0
0, 0, 3, 1
0, 0, 22, 1
0, 0
0, 0
0, 0
0, 0, 18, 1
0, 0, 22, 1
0, 0
0, 0, 21, 1
0, 0
0, 0, 20, 1
0, 0
0, 0, 22, 1
0, 0
0, 0, 21, 1
0, 0
0, 0, 2, 1
0, 0, 65, 1
0, 0
0, 0, 21, 1
0, 0, 75, 1
0, 0
0, 0, 139, 1
0, 0, 22, 1
0, 0
0, 0
0, 0
0, 0, 46, 1
0, 0
0, 0, 31, 1
0, 0, 57, 1
0, 0
0, 0, 25, 1
0, 0, 23, 1
0, 0
0, 0
0, 0
0, 0, 940, 1
0, 0
0, 0, 141, 1
0, 0, 214, 1
0, 0, 601, 1
0, 0
0, 0, 235, 1
0, 0
0, 0, 189, 1
0, 0, 142, 1
0, 0
0, 0, 232, 1
0, 0
0, 0, 524, 1
0, 0
0, 0
0, 0, 165, 1
0, 0
0, 0
0, 0
0, 0, 235, 1
0, 0
0, 0, 2063, 1
0, 0, 64, 1
0, 0
0, 0, 4773, 1
0, 0
0, 0, 120, 1
0, 0, 1844, 1
0, 0
0, 0
0, 0, 3433, 1
0, 0
0, 0
0, 0
0, 0, 2254, 1
0, 0, 3886, 1
0, 0, 137, 1
0, 0, 844, 1
0, 0
0, 0
0, 0
0, 0, 721, 1
0, 0
0, 0, 1154, 1
0, 0, 1154, 1
0, 0, 1170, 1
0, 0
0, 0
0, 0
0, 0
0, 0
0, 0
0, 0
0, 0, 1169, 1
0, 0, 722, 1
0, 0, 1147, 1
0, 0
0, 0, 737, 1
0, 0, 1170, 1
0, 0, 882, 1
0, 0
0, 0, 239, 1
0, 0, 213, 1
0, 0, 599, 1
0, 0, 1844, 1
0, 0
0, 0, 3408, 1
0, 0
0, 0
0, 0, 689, 1
0, 0
0, 0, 272, 1
0, 0, 593, 1
0, 0
0, 0
0, 0
0, 0, 743, 1
0, 0, 272, 1
0, 0
0, 0
0, 0
0, 0, 306, 1
0, 0, 862, 1
0, 0, 866, 1
0, 0, 406, 1
0, 0
0, 0
0, 0
0, 0
0, 0
0, 0, 407, 1
0, 0, 406, 1
0, 0
0, 0, 1153, 1
0, 0, 1152, 1
0, 0, 879, 1
0, 0
0, 0
0, 0
0, 0, 305, 1
0, 0
0, 0, 192, 1
0, 0, 1, 1
0, 0, 2, 1
0, 0
0, 0
0, 0
0, 0, 240, 1
0, 0, 192, 1
0, 0, 336, 1
0, 0
0, 0
0, 0, 192, 1
0, 0, 75, 1
0, 0, 306, 1
0, 0
0, 0, 18, 1
0, 0
0, 0
0, 0
0, 0
0, 0, 234, 1
0, 0
0, 0
0, 0, 331, 1
0, 0
0, 0, 308, 1
0, 0, 219, 1
0, 0
0, 0, 243, 1
0, 0
0, 0, 359, 1
0, 0, 308, 1
0, 0, 354, 1
0, 0, 331, 1
0, 0, 358, 1
0, 0
0, 0
0, 0
0, 0
0, 0
0, 0, 1035, 1
0, 0
0, 0
0, 0, 1175, 1
0, 0
0, 0, 1582, 1
0, 0
0, 0, 3998, 1
0, 0, 4253, 1
0, 0
0, 0
0, 0, 1562, 1
0, 0, 1561, 1
0, 0, 1034, 1
0, 0
0, 0, 1174, 1
0, 0
0, 0
0, 0, 1148, 1
0, 0
0, 0, 867, 1
0, 0, 879, 1
0, 0, 598, 1
0, 0
0, 0, 891, 1
0, 0
0, 0
0, 0
0, 0, 983, 1
0, 0
0, 0
0, 0, 890, 1
0, 0
0, 0, 1150, 1
0, 0, 890, 1
0, 0, 878, 1
0, 0, 940, 1
0, 0
0, 0
0, 0
0, 0, 1205, 1
0, 0, 1591, 1
0, 0
0, 0, 1674, 1
0, 0, 1649, 1
0, 0
0, 0
0, 0
0, 0, 3549, 1
0, 0
0, 0
0, 0
0, 0
0, 0, 1202, 1
0, 0
0, 0, 1579, 1
0, 0, 1240, 1
0, 0, 1867, 1
0, 0
0, 0
0, 0, 3, 1
0, 0, 745, 1
0, 0, 745, 1
0, 0
0, 0
0, 0
0, 0
0, 0, 2, 1
0, 0
0, 0
0, 0
0, 0
0, 0, 214, 1
0, 0, 527, 1
0, 0
0, 0, 214, 1
0, 0, 545, 1
0, 0, 809, 1
0, 0
0, 0, 214, 1
0, 0, 185, 1
0, 0
0, 0
0, 0, 161, 1
0, 0, 289, 1
0, 0
0, 0, 190, 1
0, 0, 1243, 1
0, 0
0, 0, 195, 1
0, 0, 190, 1
0, 0
0, 0, 1174, 1
0, 0, 352, 1
0, 0, 1199, 1
0, 0
0, 0
0, 0
0, 0
0, 0
0, 0, 161, 1
0, 0
0, 0
0, 0, 163, 1
0, 0, 355, 1
0, 0, 165, 1
0, 0, 194, 1
0, 0, 189, 1
0, 0, 166, 1
0, 0
0, 0
0, 0, 211, 1
0, 0, 306, 1
0, 0, 525, 1
0, 0
0, 0
0, 0
0, 0
0, 0
0, 0
0, 0, 70, 1
0, 0, 550, 1
0, 0
0, 0, 212, 1
0, 0
0, 0, 311, 1
0, 0, 310, 1
0, 0
0, 0
0, 0
0, 0, 821, 1
0, 0, 473, 1
0, 0, 821, 1
0, 0
0, 0
0, 0
0, 0, 844, 1
0, 0, 840, 1
0, 0
0, 0
0, 0, 769, 1
0, 0, 941, 1
0, 0, 958, 1
0, 0
0, 0
0, 0
0, 0, 942, 1
0, 0
0, 0
0, 0
0, 0, 788, 1
0, 0
0, 0
0, 0, 768, 1
0, 0, 818, 1
0, 0
0, 0, 821, 1
0, 0, 804, 1
0, 0, 818, 1
0, 0
0, 0, 76, 1
0, 0, 599, 1
0, 0, 891, 1
0, 0, 476, 1
0, 0
0, 0, 145, 1
0, 0, 335, 1
0, 0
0, 0
0, 0, 141, 1
0, 0
0, 0, 336, 1
0, 0
0, 0, 138, 1
0, 0, 72, 1
0, 0
0, 0
0, 0
0, 0
0, 0
0, 0, 2, 1
0, 0, 20, 1
0, 0, 48, 1
0, 0
0, 0
0, 0, 17, 1
0, 0, 46, 1
0, 0
0, 0, 19, 1
0, 0
0, 0, 21, 1
0, 0
0, 0, 3, 1
0, 0
0, 0, 25, 1
0, 0, 47, 1
0, 0
0, 0
0, 0
0, 0
0, 0, 863, 1
0, 0, 986, 1
0, 0
0, 0
0, 0
0, 0
0, 0
0, 0, 503, 1
0, 0, 890, 1
0, 0
0, 0, 1005, 1
0, 0
0, 0, 894, 1
0, 0, 1227, 1
0, 0, 1329, 1
0, 0, 1151, 1
0, 0
0, 0
0, 0, 990, 1
0, 0
0, 0, 294, 1
0, 0, 357, 1
0, 0, 599, 1
0, 0
0, 0
0, 0, 476, 1
0, 0
0, 0
0, 0, 308, 1
0, 0
0, 0, 387, 1
0, 0, 384, 1
0, 0, 550, 1
0, 0, 357, 1
0, 0
0, 0, 293, 1
0, 0
0, 0
0, 0
0, 0
0, 0, 1174, 1
0, 0, 866, 1
0, 0, 4036, 1
0, 0, 1370, 1
0, 0
0, 0
0, 0
0, 0, 68, 1
0, 0, 48, 1
0, 0
0, 0, 1675, 1
0, 0
0, 0, 234, 1
0, 0
0, 0
0, 0
0, 0, 1056, 1
0, 0
0, 0, 1337, 1
0, 0
0, 0, 189, 1
0, 0
0, 0, 215, 1
0, 0, 190, 1
0, 0
0, 0, 190, 1
0, 0, 190, 1
0, 0
0, 0, 240, 1
0, 0, 361, 1
0, 0, 188, 1
0, 0, 331, 1
0, 0, 354, 1
0, 0
0, 0
0, 0
0, 0
0, 0
0, 0
0, 0
0, 0
0, 0, 526, 1
0, 0, 1248, 1
0, 0, 1368, 1
0, 0
0, 0
0, 0
0, 0, 718, 1
0, 0, 1537, 1
0, 0
0, 0, 1538, 1
0, 0
0, 0
0, 0, 1228, 1
0, 0, 1156, 1
0, 0, 700, 1
0, 0
0, 0
0, 0, 1540, 1
0, 0
0, 0, 2230, 1
0, 0, 2256, 1
0, 0, 2256, 1
0, 0, 2258, 1
0, 0
0, 0
0, 0
0, 0, 2256, 1
0, 0
0, 0
0, 0
0, 0
0, 0
0, 0, 2229, 1
0, 0
0, 0
0, 0
0, 0
0, 0
0, 0
0, 0, 715, 1
0, 0, 840, 1
0, 0, 695, 1
0, 0
0, 0, 818, 1
0, 0
0, 0, 1372, 1
0, 0
0, 0
0, 0, 719, 1
0, 0
0, 0, 2953, 1
0, 0
0, 0
0, 0, 1179, 1
0, 0
0, 0
0, 0, 879, 1
0, 0
0, 0, 811, 1
0, 0, 1008, 1
0, 0
0, 0
0, 0
0, 0, 1112, 1
0, 0, 1024, 1
0, 0
0, 0
0, 0
0, 0
0, 0, 1025, 1
0, 0
0, 0, 1056, 1
0, 0, 1007, 1
0, 0, 1147, 1
0, 0, 1024, 1
0, 0, 1171, 1
0, 0, 1032, 1
0, 0
0, 0
0, 0, 2064, 1
0, 0, 3406, 1
0, 0
0, 0
0, 0, 4079, 1
0, 0
0, 0
0, 0
0, 0
0, 0, 3091, 1
0, 0, 3899, 1
0, 0, 3048, 1
0, 0
0, 0
0, 0, 2829, 1
0, 0, 3527, 1
0, 0, 2857, 1
0, 0, 3044, 1
0, 0
0, 0
0, 0, 663, 1
0, 0, 914, 1
0, 0
0, 0
0, 0
0, 0
0, 0, 987, 1
0, 0
0, 0, 1144, 1
0, 0, 573, 1
0, 0
0, 0
0, 0, 1146, 1
0, 0, 742, 1
0, 0
0, 0
0, 0, 666, 1
0, 0, 715, 1
0, 0, 665, 1
0, 0
0, 0, 2, 1
0, 0
0, 0
0, 0
0, 0, 669, 1
0, 0
0, 0, 189, 1
0, 0, 1, 1
0, 0
0, 0, 839, 1
0, 0
0, 0, 210, 1
0, 0, 546, 1
0, 0
0, 0, 837, 1
0, 0, 214, 1
0, 0
0, 0, 691, 1
0, 0
0, 0
0, 0, 510, 1
0, 0, 699, 1
0, 0
0, 0
0, 0
0, 0, 671, 1
0, 0, 671, 1
0, 0, 716, 1
0, 0, 670, 1
0, 0, 598, 1
0, 0
0, 0
0, 0, 692, 1
0, 0, 512, 1
0, 0, 594, 1
0, 0
0, 0
0, 0
0, 0
0, 0
0, 0, 672, 1
0, 0
0, 0, 2257, 1
0, 0
0, 0
0, 0
0, 0
0, 0, 2139, 1
0, 0, 4726, 1
0, 0
0, 0, 737, 1
0, 0, 979, 1
0, 0
0, 0
0, 0, 5429, 1
0, 0, 1558, 1
0, 0
0, 0, 1055, 1
0, 0, 665, 1
0, 0
0, 0, 884, 1
0, 0, 891, 1
0, 0, 891, 1
0, 0, 887, 1
0, 0
0, 0, 890, 1
0, 0
0, 0
0, 0, 891, 1
0, 0
0, 0
0, 0
0, 0, 885, 1
0, 0, 890, 1
0, 0
0, 0
0, 0
0, 0
0, 0, 896, 1
0, 0, 940, 1
0, 0, 817, 1
0, 0
0, 0
0, 0, 2163, 1
0, 0
0, 0
0, 0, 811, 1
0, 0
0, 0
0, 0, 1004, 1
0, 0, 1847, 1
0, 0, 832, 1
0, 0, 1825, 1
0, 0, 1488, 1
0, 0, 1533, 1
0, 0
0, 0
0, 0
0, 0, 835, 1
0, 0
0, 0
0, 0, 293, 1
0, 0, 356, 1
0, 0, 599, 1
0, 0
0, 0
0, 0, 476, 1
0, 0
0, 0
0, 0, 308, 1
0, 0
0, 0, 387, 1
0, 0, 384, 1
0, 0, 550, 1
0, 0, 357, 1
0, 0
0, 0, 291, 1
0, 0
0, 0
0, 0
0, 0, 483, 1
0, 0
0, 0, 890, 1
0, 0, 1057, 1
0, 0, 1032, 1
0, 0, 1868, 1
0, 0
0, 0
0, 0, 891, 1
0, 0
0, 0
0, 0, 556, 1
0, 0, 748, 1
0, 0
0, 0
0, 0
0, 0
0, 0
0, 0, 1558, 1
0, 0, 891, 1
0, 0, 25, 1
0, 0, 75, 1
0, 0
0, 0
0, 0, 46, 1
0, 0
0, 0
0, 0, 44, 1
0, 0, 27, 1
0, 0, 26, 1
0, 0, 71, 1
0, 0, 24, 1
0, 0, 73, 1
0, 0, 44, 1
0, 0
0, 0
0, 0
0, 0
0, 0
0, 0
0, 0, 718, 1
0, 0, 3671, 1
0, 0
0, 0, 719, 1
0, 0
0, 0, 1153, 1
0, 0, 528, 1
0, 0
0, 0
0, 0, 890, 1
0, 0, 837, 1
0, 0, 1175, 1
0, 0
0, 0, 834, 1
0, 0
0, 0, 884, 1
0, 0
0, 0
0, 0
0, 0
0, 0, 478, 1
0, 0
0, 0
0, 0
0, 0
0, 0, 480, 1
0, 0, 1319, 1
0, 0
0, 0, 480, 1
0, 0, 479, 1
0, 0
0, 0, 504, 1
0, 0
0, 0
0, 0
0, 0, 480, 1
0, 0, 479, 1
0, 0, 815, 1
0, 0, 1321, 1
0, 0
0, 0, 73, 1
0, 0, 211, 1
0, 0
0, 0, 307, 1
0, 0, 354, 1
0, 0
0, 0, 165, 1
0, 0, 360, 1
0, 0, 138, 1
0, 0
0, 0, 120, 1
0, 0
0, 0, 162, 1
0, 0
0, 0, 66, 1
0, 0
0, 0
0, 0
0, 0
0, 0
0, 0, 877, 1
0, 0, 879, 1
0, 0, 880, 1
0, 0
0, 0
0, 0, 1003, 1
0, 0, 1028, 1
0, 0
0, 0, 878, 1
0, 0, 983, 1
0, 0, 979, 1
0, 0
0, 0, 879, 1
0, 0
0, 0
0, 0
0, 0
0, 0, 940, 1
0, 0
0, 0
0, 0, 125, 1
0, 0, 144, 1
0, 0, 140, 1
0, 0, 669, 1
0, 0
0, 0
0, 0, 162, 1
0, 0
0, 0
0, 0, 124, 1
0, 0
0, 0, 162, 1
0, 0
0, 0
0, 0
0, 0
0, 0, 162, 1
0, 0, 1656, 1
0, 0
0, 0, 162, 1
0, 0, 93, 1
0, 0
0, 0
0, 0, 142, 1
0, 0
0, 0, 142, 1
0, 0, 147, 1
0, 0
0, 0, 164, 1
0, 0
0, 0
0, 0, 142, 1
0, 0
0, 0
0, 0, 142, 1
0, 0, 142, 1
0, 0, 94, 1
0, 0, 140, 1
0, 0
0, 0
0, 0, 44, 1
0, 0, 211, 1
0, 0
0, 0
0, 0, 189, 1
0, 0
0, 0
0, 0
0, 0, 50, 1
0, 0, 69, 1
0, 0, 124, 1
0, 0, 217, 1
0, 0, 215, 1
0, 0, 46, 1
0, 0, 49, 1
0, 0
0, 0
0, 0
0, 0
0, 0
0, 0, 891, 1
0, 0
0, 0, 892, 1
0, 0, 909, 1
0, 0
0, 0
0, 0, 892, 1
0, 0, 910, 1
0, 0
0, 0, 909, 1
0, 0, 892, 1
0, 0, 892, 1
0, 0
0, 0
0, 0
0, 0
0, 0, 910, 1
0, 0
0, 0, 892, 1
0, 0
0, 0, 5515, 1
0, 0, 1, 1
0, 0
0, 0
0, 0
0, 0
0, 0
0, 0
0, 0, 24, 1
0, 0, 544, 1
0, 0
0, 0, 331, 1
0, 0
0, 0, 547, 1
0, 0
0, 0, 356, 1
0, 0
0, 0, 553, 1
0, 0, 214, 1
0, 0, 22, 1
0, 0, 233, 1
0, 0, 629, 1
0, 0
0, 0, 232, 1
0, 0
0, 0
0, 0
0, 0, 599, 1
0, 0, 305, 1
0, 0, 305, 1
0, 0, 311, 1
0, 0, 671, 1
0, 0
0, 0
0, 0
0, 0, 599, 1
0, 0, 387, 1
0, 0
0, 0
0, 0
0, 0, 187, 1
0, 0, 5063, 1
0, 0
0, 0, 3189, 1
0, 0
0, 0, 3188, 1
0, 0
0, 0, 737, 1
0, 0, 211, 1
0, 0
0, 0, 879, 1
0, 0
0, 0
0, 0, 212, 1
0, 0
0, 0, 212, 1
0, 0, 530, 1
0, 0
0, 0
0, 0
0, 0, 826, 1
0, 0, 893, 1
0, 0, 890, 1
0, 0
0, 0, 840, 1
0, 0, 890, 1
0, 0
0, 0
0, 0, 890, 1
0, 0
0, 0
0, 0
0, 0, 825, 1
0, 0, 839, 1
0, 0
0, 0
0, 0, 839, 1
0, 0
0, 0, 886, 1
0, 0
0, 0
0, 0, 525, 1
0, 0
0, 0
0, 0
0, 0
0, 0
0, 0
0, 0
0, 0, 745, 1
0, 0, 3104, 1
0, 0
0, 0, 1856, 1
0, 0, 1856, 1
0, 0, 738, 1
0, 0, 1177, 1
0, 0, 1895, 1
0, 0, 1225, 1
0, 0, 1394, 1
0, 0
0, 0, 215, 1
0, 0, 914, 1
0, 0
0, 0
0, 0
0, 0, 232, 1
0, 0, 21, 1
0, 0, 220, 1
0, 0, 216, 1
0, 0
0, 0
0, 0, 959, 1
0, 0
0, 0
0, 0, 215, 1
0, 0
0, 0
0, 0
0, 0, 272, 1
0, 0, 215, 1
0, 0, 188, 1
0, 0, 404, 1
0, 0, 192, 1
0, 0
0, 0, 475, 1
0, 0
0, 0
0, 0
0, 0
0, 0, 191, 1
0, 0
0, 0, 192, 1
0, 0, 314, 1
0, 0, 313, 1
0, 0, 1508, 1
0, 0
0, 0
0, 0
0, 0, 767, 1
0, 0
0, 0, 1320, 1
0, 0
0, 0
0, 0
0, 0
0, 0, 1366, 1
0, 0, 1843, 1
0, 0
0, 0, 2013, 1
0, 0, 1345, 1
0, 0
0, 0
0, 0, 1482, 1
0, 0
0, 0, 1319, 1
0, 0
0, 0, 1845, 1
0, 0
0, 0, 2067, 1
0, 0, 1345, 1
0, 0, 45, 1
0, 0
0, 0
0, 0, 144, 1
0, 0
0, 0
0, 0
0, 0, 146, 1
0, 0, 219, 1
0, 0, 238, 1
0, 0, 67, 1
0, 0, 75, 1
0, 0, 46, 1
0, 0
0, 0, 49, 1
0, 0, 47, 1
0, 0
0, 0
0, 0
0, 0
0, 0, 215, 1
0, 0
0, 0
0, 0, 216, 1
0, 0, 216, 1
0, 0, 232, 1
0, 0, 216, 1
0, 0, 236, 1
0, 0, 216, 1
0, 0
0, 0
0, 0, 217, 1
0, 0
0, 0
0, 0
0, 0
0, 0
0, 0, 217, 1
0, 0
0, 0, 217, 1
0, 0, 5, 1
0, 0
0, 0
0, 0, 212, 1
0, 0, 166, 1
0, 0
0, 0
0, 0, 190, 1
0, 0, 4, 1
0, 0
0, 0, 189, 1
0, 0, 310, 1
0, 0, 213, 1
0, 0, 44, 1
0, 0, 30, 1
0, 0
0, 0
0, 0
0, 0
0, 0
0, 0, 45, 1
0, 0, 75, 1
0, 0, 218, 1
0, 0
0, 0, 66, 1
0, 0
0, 0
0, 0, 188, 1
0, 0
0, 0
0, 0, 44, 1
0, 0, 66, 1
0, 0, 47, 1
0, 0, 65, 1
0, 0, 211, 1
0, 0
0, 0
0, 0
0, 0
0, 0
0, 0, 408, 1
0, 0
0, 0
0, 0, 838, 1
0, 0
0, 0, 572, 1
0, 0, 576, 1
0, 0
0, 0, 479, 1
0, 0, 503, 1
0, 0, 384, 1
0, 0
0, 0
0, 0
0, 0, 553, 1
0, 0
0, 0, 839, 1
0, 0
0, 0, 823, 1
0, 0
0, 0, 2183, 1
0, 0
0, 0
0, 0, 2305, 1
0, 0, 2184, 1
0, 0, 2184, 1
0, 0
0, 0, 2232, 1
0, 0, 2327, 1
0, 0, 2711, 1
0, 0
0, 0, 2234, 1
0, 0
0, 0, 1675, 1
0, 0
0, 0
0, 0
0, 0, 2184, 1
0, 0
0, 0
0, 0, 1678, 1
0, 0
0, 0, 1679, 1
0, 0
0, 0, 2089, 1
0, 0
0, 0
0, 0, 1846, 1
0, 0, 1225, 1
0, 0, 2182, 1
0, 0
0, 0, 1845, 1
0, 0, 1848, 1
0, 0, 1678, 1
0, 0
0, 0
0, 0, 1682, 1
0, 0
0, 0
0, 0
0, 0, 1555, 1
0, 0, 1827, 1
0, 0
0, 0
0, 0, 1651, 1
0, 0, 1990, 1
0, 0, 1610, 1
0, 0, 1811, 1
0, 0
0, 0
0, 0
0, 0, 1652, 1
0, 0, 1677, 1
0, 0
0, 0
0, 0
0, 0, 1554, 1
0, 0, 1847, 1
0, 0
0, 0
0, 0, 982, 1
0, 0, 1174, 1
0, 0
0, 0
0, 0
0, 0
0, 0
0, 0
0, 0, 3093, 1
0, 0, 3093, 1
0, 0, 1950, 1
0, 0
0, 0
0, 0, 1075, 1
0, 0, 1037, 1
0, 0, 1680, 1
0, 0
0, 0, 1075, 1
0, 0, 569, 1
0, 0
0, 0, 358, 1
0, 0, 359, 1
0, 0, 599, 1
0, 0
0, 0, 699, 1
0, 0
0, 0
0, 0
0, 0, 506, 1
0, 0, 404, 1
0, 0
0, 0
0, 0, 411, 1
0, 0, 696, 1
0, 0
0, 0, 698, 1
0, 0
0, 0
0, 0
0, 0, 767, 1
0, 0, 884, 1
0, 0, 1533, 1
0, 0
0, 0
0, 0
0, 0, 2211, 1
0, 0, 1844, 1
0, 0
0, 0
0, 0
0, 0
0, 0, 1514, 1
0, 0
0, 0
0, 0, 1541, 1
0, 0, 1151, 1
0, 0, 884, 1
0, 0, 879, 1
0, 0, 1847, 1
0, 0
0, 0, 23, 1
0, 0
0, 0, 141, 1
0, 0
0, 0
0, 0, 145, 1
0, 0, 145, 1
0, 0, 143, 1
0, 0, 138, 1
0, 0, 140, 1
0, 0, 24, 1
0, 0, 162, 1
0, 0
0, 0, 24, 1
0, 0
0, 0
0, 0
0, 0
0, 0
0, 0
0, 0, 978, 1
0, 0
0, 0
0, 0
0, 0, 3360, 1
0, 0
0, 0, 1830, 1
0, 0
0, 0
0, 0, 1830, 1
0, 0, 989, 1
0, 0
0, 0
0, 0
0, 0, 2037, 1
0, 0, 1582, 1
0, 0, 1003, 1
0, 0, 1199, 1
0, 0, 1196, 1
0, 0
0, 0, 816, 1
0, 0, 814, 1
0, 0
0, 0
0, 0
0, 0
0, 0
0, 0, 818, 1
0, 0, 815, 1
0, 0
0, 0
0, 0, 1224, 1
0, 0
0, 0, 817, 1
0, 0, 1153, 1
0, 0
0, 0, 844, 1
0, 0, 879, 1
0, 0, 940, 1
0, 0
0, 0, 4775, 1
0, 0, 865, 1
0, 0, 816, 1
0, 0, 598, 1
0, 0
0, 0
0, 0
0, 0
0, 0, 1007, 1
0, 0
0, 0, 5037, 1
0, 0
0, 0
0, 0, 5038, 1
0, 0, 5035, 1
0, 0, 886, 1
0, 0, 869, 1
0, 0
0, 0
0, 0
0, 0, 534, 1
0, 0, 548, 1
0, 0, 547, 1
0, 0, 599, 1
0, 0
0, 0, 550, 1
0, 0
0, 0
0, 0
0, 0, 547, 1
0, 0
0, 0, 977, 1
0, 0, 747, 1
0, 0, 362, 1
0, 0
0, 0
0, 0
0, 0
0, 0, 879, 1
0, 0
0, 0
0, 0, 474, 1
0, 0, 1806, 1
0, 0, 1871, 1
0, 0
0, 0
0, 0, 524, 1
0, 0, 66, 1
0, 0, 479, 1
0, 0, 1873, 1
0, 0
0, 0
0, 0
0, 0, 549, 1
0, 0, 1818, 1
0, 0
0, 0
0, 0
0, 0, 983, 1
0, 0
0, 0, 979, 1
0, 0, 1112, 1
0, 0
0, 0
0, 0
0, 0, 1003, 1
0, 0, 1110, 1
0, 0, 1050, 1
0, 0
0, 0, 1112, 1
0, 0
0, 0, 1001, 1
0, 0
0, 0
0, 0, 978, 1
0, 0, 1000, 1
0, 0, 1000, 1
0, 0
0, 0
0, 0
0, 0, 1, 1
0, 0
0, 0, 2, 1
0, 0, 2, 1
0, 0, 2033, 1
0, 0, 544, 1
0, 0
0, 0
0, 0, 2, 1
0, 0, 1148, 1
0, 0
0, 0
0, 0
0, 0
0, 0
0, 0, 2, 1
0, 0, 2, 1
0, 0, 593, 1
0, 0
0, 0
0, 0, 1123, 1
0, 0, 1122, 1
0, 0
0, 0
0, 0
0, 0, 1703, 1
0, 0, 1682, 1
0, 0
0, 0, 1154, 1
0, 0
0, 0
0, 0, 1418, 1
0, 0
0, 0
0, 0, 1221, 1
0, 0, 1147, 1
0, 0, 1170, 1
0, 0
0, 0
0, 0
0, 0, 3070, 1
0, 0, 3405, 1
0, 0, 3262, 1
0, 0
0, 0
0, 0
0, 0, 3164, 1
0, 0
0, 0
0, 0, 3260, 1
0, 0, 3212, 1
0, 0, 3215, 1
0, 0, 3193, 1
0, 0, 3295, 1
0, 0
0, 0
0, 0, 3384, 1
0, 0
0, 0
0, 0
0, 0, 143, 1
0, 0
0, 0
0, 0, 144, 1
0, 0, 144, 1
0, 0
0, 0, 146, 1
0, 0, 142, 1
0, 0
0, 0, 186, 1
0, 0, 192, 1
0, 0, 144, 1
0, 0
0, 0
0, 0, 145, 1
0, 0, 145, 1
0, 0
0, 0
0, 0
0, 0
