0, 0, 39, 1
0, 0
0, 0, 147, 1
0, 0, 147, 1
0, 0
0, 0, 694, 1
0, 0
0, 0, 188, 1
0, 0
0, 0
0, 0, 147, 1
0, 0
0, 0
0, 0, 165, 1
0, 0, 846, 1
0, 0, 41, 1
0, 0
0, 0
0, 0, 140, 1
0, 0
0, 0, 752, 1
0, 0, 1851, 1
0, 0, 298, 1
0, 0, 577, 1
0, 0
0, 0
0, 0, 3127, 1
0, 0
0, 0
0, 0
0, 0, 249, 1
0, 0
0, 0, 2348, 1
0, 0, 1510, 1
0, 0
0, 0
0, 0, 974, 1
0, 0
0, 0, 602, 1
0, 0
0, 0, 1369, 1
0, 0
0, 0
0, 0, 1417, 1
0, 0, 1562, 1
0, 0
0, 0, 1558, 1
0, 0, 1562, 1
0, 0, 1367, 1
0, 0
0, 0, 1416, 1
0, 0
0, 0
0, 0, 1420, 1
0, 0, 1416, 1
0, 0, 1418, 1
0, 0
0, 0
0, 0
0, 0
0, 0, 2340, 1
0, 0, 1685, 1
0, 0
0, 0
0, 0, 3118, 1
0, 0
0, 0
0, 0
0, 0
0, 0, 212, 1
0, 0, 1178, 1
0, 0
0, 0
0, 0, 2251, 1
0, 0, 1817, 1
0, 0, 497, 1
0, 0, 2423, 1
0, 0
0, 0, 1760, 1
0, 0
0, 0, 2997, 1
0, 0
0, 0, 4057, 1
0, 0
0, 0
0, 0
0, 0
0, 0
0, 0, 3020, 1
0, 0
0, 0
0, 0
0, 0
0, 0
0, 0
0, 0
0, 0
0, 0, 2906, 1
0, 0
0, 0
0, 0, 1987, 1
0, 0, 935, 1
0, 0, 2703, 1
0, 0, 46, 1
0, 0
0, 0
0, 0
0, 0
0, 0
0, 0
0, 0
0, 0
0, 0, 1699, 1
0, 0, 2508, 1
0, 0, 3639, 1
0, 0
0, 0
0, 0, 1734, 1
0, 0, 4122, 1
0, 0, 264, 1
0, 0, 18, 1
0, 0, 1, 1
0, 0
0, 0
0, 0
0, 0, 67, 1
0, 0, 21, 1
0, 0, 22, 1
0, 0
0, 0, 19, 1
0, 0
0, 0, 18, 1
0, 0
0, 0, 46, 1
0, 0, 55, 1
0, 0, 65, 1
0, 0
0, 0
0, 0
0, 0
0, 0, 1213, 1
0, 0, 659, 1
0, 0
0, 0
0, 0, 2261, 1
0, 0
0, 0, 2305, 1
0, 0
0, 0
0, 0
0, 0
0, 0, 2916, 1
0, 0, 2046, 1
0, 0, 1678, 1
0, 0
0, 0, 317, 1
0, 0, 2147, 1
0, 0
0, 0, 207, 1
0, 0
0, 0, 150, 1
0, 0, 217, 1
0, 0
0, 0
0, 0
0, 0
0, 0, 248, 1
0, 0, 213, 1
0, 0, 503, 1
0, 0, 165, 1
0, 0, 148, 1
0, 0
0, 0
0, 0, 165, 1
0, 0
0, 0
0, 0
0, 0, 217, 1
0, 0, 164, 1
0, 0
0, 0, 1119, 1
0, 0, 1708, 1
0, 0, 2208, 1
0, 0, 1864, 1
0, 0
0, 0, 1665, 1
0, 0, 2208, 1
0, 0
0, 0
0, 0
0, 0, 5013, 1
0, 0, 1528, 1
0, 0
0, 0
0, 0, 3661, 1
0, 0, 1518, 1
0, 0
0, 0
0, 0
0, 0
0, 0, 25, 1
0, 0, 71, 1
0, 0, 146, 1
0, 0, 67, 1
0, 0, 24, 1
0, 0
0, 0
0, 0, 140, 1
0, 0
0, 0
0, 0
0, 0, 147, 1
0, 0, 143, 1
0, 0
0, 0, 141, 1
0, 0, 142, 1
0, 0
0, 0
0, 0
0, 0
0, 0, 2805, 1
0, 0
0, 0
0, 0, 3037, 1
0, 0
0, 0, 1572, 1
0, 0, 2479, 1
0, 0, 2100, 1
0, 0
0, 0
0, 0, 2546, 1
0, 0, 2160, 1
0, 0, 913, 1
0, 0, 801, 1
0, 0, 2210, 1
0, 0
0, 0
0, 0
0, 0
0, 0
0, 0, 48, 1
0, 0, 75, 1
0, 0
0, 0
0, 0, 67, 1
0, 0
0, 0, 19, 1
0, 0, 71, 1
0, 0
0, 0, 188, 1
0, 0, 68, 1
0, 0, 75, 1
0, 0
0, 0, 72, 1
0, 0
0, 0
0, 0
0, 0
0, 0, 190, 1
0, 0
0, 0, 2114, 1
0, 0
0, 0
0, 0
0, 0, 4633, 1
0, 0, 327, 1
0, 0
0, 0
0, 0, 2668, 1
0, 0, 2335, 1
0, 0
0, 0
0, 0
0, 0, 3321, 1
0, 0, 4858, 1
0, 0
0, 0, 1632, 1
0, 0, 4313, 1
0, 0, 5304, 1
0, 0
0, 0, 2, 1
0, 0, 811, 1
0, 0
0, 0, 914, 1
0, 0
0, 0, 986, 1
0, 0, 979, 1
0, 0
0, 0
0, 0
0, 0
0, 0
0, 0
0, 0, 737, 1
0, 0, 879, 1
0, 0, 940, 1
0, 0, 236, 1
0, 0
0, 0, 1, 1
0, 0
0, 0, 1721, 1
0, 0, 517, 1
0, 0
0, 0, 157, 1
0, 0, 5419, 1
0, 0, 429, 1
0, 0
0, 0
0, 0
0, 0, 2270, 1
0, 0
0, 0, 5133, 1
0, 0
0, 0, 2288, 1
0, 0, 1152, 1
0, 0
0, 0, 169, 1
0, 0
0, 0
0, 0
0, 0, 838, 1
0, 0, 810, 1
0, 0
0, 0
0, 0, 1827, 1
0, 0
0, 0
0, 0
0, 0, 815, 1
0, 0, 1008, 1
0, 0, 1449, 1
0, 0, 838, 1
0, 0
0, 0, 1175, 1
0, 0
0, 0
0, 0
0, 0, 839, 1
0, 0
0, 0, 1175, 1
0, 0, 4734, 1
0, 0, 2845, 1
0, 0
0, 0, 2522, 1
0, 0
0, 0, 2019, 1
0, 0
0, 0, 1001, 1
0, 0
0, 0
0, 0, 3165, 1
0, 0, 57, 1
0, 0, 864, 1
0, 0, 2839, 1
0, 0
0, 0
0, 0
0, 0, 3388, 1
0, 0
0, 0
0, 0, 718, 1
0, 0
0, 0
0, 0, 883, 1
0, 0, 1051, 1
0, 0, 744, 1
0, 0
0, 0
0, 0, 1056, 1
0, 0, 741, 1
0, 0
0, 0
0, 0
0, 0, 720, 1
0, 0
0, 0, 811, 1
0, 0, 1039, 1
0, 0, 804, 1
0, 0
0, 0
0, 0, 2846, 1
0, 0, 5284, 1
0, 0
0, 0
0, 0, 238, 1
0, 0, 2690, 1
0, 0
0, 0, 5253, 1
0, 0, 456, 1
0, 0
0, 0
0, 0, 1008, 1
0, 0, 2930, 1
0, 0, 771, 1
0, 0
0, 0
0, 0
0, 0, 1928, 1
0, 0
0, 0
0, 0, 333, 1
0, 0, 461, 1
0, 0, 666, 1
0, 0, 355, 1
0, 0
0, 0
0, 0, 477, 1
0, 0
0, 0, 334, 1
0, 0, 672, 1
0, 0, 334, 1
0, 0
0, 0
0, 0
0, 0, 342, 1
0, 0
0, 0, 691, 1
0, 0
0, 0
0, 0
0, 0, 1940, 1
0, 0
0, 0, 4075, 1
0, 0
0, 0
0, 0
0, 0, 4529, 1
0, 0
0, 0
0, 0, 2742, 1
0, 0
0, 0
0, 0, 515, 1
0, 0
0, 0, 3355, 1
0, 0, 3895, 1
0, 0, 2117, 1
0, 0, 3979, 1
0, 0, 2952, 1
0, 0
0, 0
0, 0, 146, 1
0, 0, 168, 1
0, 0
0, 0
0, 0
0, 0, 211, 1
0, 0
0, 0, 194, 1
0, 0, 191, 1
0, 0
0, 0, 216, 1
0, 0, 1, 1
0, 0, 219, 1
0, 0, 192, 1
0, 0
0, 0, 165, 1
0, 0
0, 0
0, 0
0, 0, 582, 1
0, 0
0, 0
0, 0, 3463, 1
0, 0, 4990, 1
0, 0
0, 0, 4489, 1
0, 0, 4268, 1
0, 0, 4863, 1
0, 0
0, 0, 4061, 1
0, 0, 529, 1
0, 0, 688, 1
0, 0
0, 0, 672, 1
0, 0
0, 0
0, 0
0, 0
0, 0
0, 0, 841, 1
0, 0, 64, 1
0, 0, 890, 1
0, 0
0, 0, 699, 1
0, 0
0, 0
0, 0, 890, 1
0, 0
0, 0
0, 0
0, 0, 842, 1
0, 0
0, 0, 1173, 1
0, 0
0, 0, 879, 1
0, 0, 1173, 1
0, 0, 811, 1
0, 0
0, 0
0, 0, 4030, 1
0, 0
0, 0
0, 0, 2579, 1
0, 0
0, 0, 2649, 1
0, 0, 4550, 1
0, 0, 3657, 1
0, 0
0, 0, 1453, 1
0, 0, 5487, 1
0, 0
0, 0, 3969, 1
0, 0
0, 0
0, 0
0, 0, 3886, 1
0, 0, 2965, 1
0, 0
0, 0
0, 0, 689, 1
0, 0
0, 0, 1155, 1
0, 0, 1155, 1
0, 0
0, 0
0, 0
0, 0
0, 0, 1169, 1
0, 0
0, 0
0, 0, 1170, 1
0, 0, 1170, 1
0, 0, 691, 1
0, 0, 1155, 1
0, 0
0, 0, 840, 1
0, 0
0, 0, 882, 1
0, 0
0, 0, 3564, 1
0, 0, 2699, 1
0, 0
0, 0
0, 0, 3489, 1
0, 0
0, 0
0, 0
0, 0
0, 0
0, 0
0, 0, 2353, 1
0, 0, 2886, 1
0, 0, 2261, 1
0, 0, 1301, 1
0, 0
0, 0, 3524, 1
0, 0, 3359, 1
0, 0, 71, 1
0, 0
0, 0, 44, 1
0, 0, 141, 1
0, 0
0, 0, 240, 1
0, 0
0, 0
0, 0
0, 0, 45, 1
0, 0, 404, 1
0, 0, 143, 1
0, 0, 240, 1
0, 0
0, 0, 45, 1
0, 0, 45, 1
0, 0
0, 0
0, 0
0, 0
0, 0, 240, 1
0, 0
0, 0, 766, 1
0, 0, 3279, 1
0, 0, 1859, 1
0, 0, 1859, 1
0, 0
0, 0
0, 0, 377, 1
0, 0
0, 0
0, 0
0, 0, 1912, 1
0, 0, 524, 1
0, 0, 2777, 1
0, 0, 1582, 1
0, 0
0, 0
0, 0
0, 0
0, 0, 4405, 1
0, 0
0, 0, 143, 1
0, 0, 18, 1
0, 0
0, 0
0, 0
0, 0
0, 0, 20, 1
0, 0
0, 0, 143, 1
0, 0, 19, 1
0, 0, 216, 1
0, 0
0, 0, 192, 1
0, 0, 75, 1
0, 0, 211, 1
0, 0, 17, 1
0, 0
0, 0
0, 0
0, 0
0, 0, 3085, 1
0, 0, 999, 1
0, 0
0, 0, 832, 1
0, 0
0, 0
0, 0
0, 0, 4335, 1
0, 0, 3209, 1
0, 0
0, 0, 2057, 1
0, 0, 3010, 1
0, 0, 3260, 1
0, 0, 3540, 1
0, 0
0, 0
0, 0
0, 0
0, 0, 4320, 1
0, 0
0, 0, 309, 1
0, 0, 551, 1
0, 0, 599, 1
0, 0, 1221, 1
0, 0, 699, 1
0, 0
0, 0
0, 0, 909, 1
0, 0
0, 0
0, 0
0, 0
0, 0
0, 0
0, 0, 526, 1
0, 0, 879, 1
0, 0
0, 0
0, 0, 1152, 1
0, 0, 744, 1
0, 0, 1661, 1
0, 0
0, 0
0, 0
0, 0, 2622, 1
0, 0
0, 0, 3784, 1
0, 0
0, 0, 1935, 1
0, 0
0, 0, 1675, 1
0, 0, 2160, 1
0, 0
0, 0, 878, 1
0, 0
0, 0, 3639, 1
0, 0, 998, 1
0, 0, 1561, 1
0, 0
0, 0
0, 0, 745, 1
0, 0, 1, 1
0, 0, 2, 1
0, 0, 599, 1
0, 0
0, 0, 699, 1
0, 0
0, 0
0, 0
0, 0
0, 0, 75, 1
0, 0
0, 0, 18, 1
0, 0, 844, 1
0, 0
0, 0
0, 0
0, 0, 808, 1
0, 0, 858, 1
0, 0
0, 0, 1267, 1
0, 0, 2535, 1
0, 0
0, 0, 5378, 1
0, 0
0, 0, 3012, 1
0, 0
0, 0, 2435, 1
0, 0
0, 0, 5227, 1
0, 0, 498, 1
0, 0
0, 0, 4993, 1
0, 0, 1161, 1
0, 0, 3986, 1
0, 0
0, 0
0, 0
0, 0
0, 0
0, 0, 307, 1
0, 0, 599, 1
0, 0
0, 0, 330, 1
0, 0
0, 0, 598, 1
0, 0, 312, 1
0, 0, 311, 1
0, 0, 331, 1
0, 0
0, 0
0, 0, 334, 1
0, 0, 138, 1
0, 0, 529, 1
0, 0
0, 0
0, 0
0, 0
0, 0
0, 0
0, 0, 81, 1
0, 0
0, 0
0, 0, 2493, 1
0, 0, 1571, 1
0, 0, 4305, 1
0, 0, 3377, 1
0, 0, 4589, 1
0, 0
0, 0
0, 0
0, 0, 1489, 1
0, 0
0, 0
0, 0, 2533, 1
0, 0
0, 0
0, 0, 2508, 1
0, 0
0, 0, 4119, 1
0, 0, 140, 1
0, 0, 310, 1
0, 0, 271, 1
0, 0
0, 0
0, 0
0, 0, 140, 1
0, 0
0, 0, 336, 1
0, 0
0, 0, 166, 1
0, 0, 167, 1
0, 0
0, 0, 270, 1
0, 0, 209, 1
0, 0
0, 0, 64, 1
0, 0
0, 0
0, 0
0, 0, 3476, 1
0, 0
0, 0
0, 0, 751, 1
0, 0, 5506, 1
0, 0
0, 0, 4661, 1
0, 0
0, 0
0, 0, 474, 1
0, 0
0, 0
0, 0
0, 0, 5565, 1
0, 0, 4654, 1
0, 0
0, 0, 2697, 1
0, 0, 5512, 1
0, 0, 1104, 1
0, 0
0, 0, 17, 1
0, 0, 20, 1
0, 0, 48, 1
0, 0
0, 0
0, 0, 16, 1
0, 0
0, 0
0, 0
0, 0
0, 0, 22, 1
0, 0, 75, 1
0, 0, 18, 1
0, 0, 143, 1
0, 0, 25, 1
0, 0, 65, 1
0, 0
0, 0
0, 0
0, 0
0, 0, 2599, 1
0, 0, 2756, 1
0, 0
0, 0, 4203, 1
0, 0, 1847, 1
0, 0, 3773, 1
0, 0
0, 0
0, 0
0, 0
0, 0, 2004, 1
0, 0, 1024, 1
0, 0, 2352, 1
0, 0, 2658, 1
0, 0
0, 0
0, 0
0, 0, 784, 1
0, 0
0, 0
0, 0, 525, 1
0, 0, 527, 1
0, 0, 600, 1
0, 0
0, 0, 891, 1
0, 0, 599, 1
0, 0
0, 0, 815, 1
0, 0, 666, 1
0, 0
0, 0
0, 0
0, 0, 860, 1
0, 0, 696, 1
0, 0
0, 0, 698, 1
0, 0
0, 0
0, 0
0, 0
0, 0, 2318, 1
0, 0
0, 0
0, 0
0, 0, 738, 1
0, 0
0, 0
0, 0
0, 0, 2169, 1
0, 0
0, 0, 3489, 1
0, 0, 1115, 1
0, 0, 3380, 1
0, 0
0, 0, 2763, 1
0, 0
0, 0, 3544, 1
0, 0
0, 0, 2960, 1
0, 0, 195, 1
0, 0, 1, 1
0, 0
0, 0
0, 0, 48, 1
0, 0
0, 0
0, 0, 67, 1
0, 0, 2, 1
0, 0, 47, 1
0, 0
0, 0
0, 0
0, 0, 47, 1
0, 0, 45, 1
0, 0, 2, 1
0, 0
0, 0
0, 0, 2, 1
0, 0, 2, 1
0, 0
0, 0
0, 0, 3545, 1
0, 0
0, 0
0, 0
0, 0
0, 0, 173, 1
0, 0, 3419, 1
0, 0, 31, 1
0, 0, 1391, 1
0, 0, 1399, 1
0, 0
0, 0
0, 0, 698, 1
0, 0, 4429, 1
0, 0, 4278, 1
0, 0
0, 0
0, 0, 2210, 1
0, 0
0, 0, 1408, 1
0, 0, 1411, 1
0, 0, 1585, 1
0, 0
0, 0
0, 0, 1586, 1
0, 0
0, 0, 1585, 1
0, 0
0, 0, 1586, 1
0, 0, 1588, 1
0, 0, 1410, 1
0, 0, 1410, 1
0, 0, 1585, 1
0, 0
0, 0
0, 0
0, 0
0, 0
0, 0
0, 0, 1106, 1
0, 0, 1828, 1
0, 0, 229, 1
0, 0
0, 0
0, 0
0, 0
0, 0, 5052, 1
0, 0
0, 0, 3180, 1
0, 0
0, 0
0, 0, 3091, 1
0, 0, 5095, 1
0, 0, 5187, 1
0, 0
0, 0
0, 0
0, 0, 841, 1
0, 0, 1805, 1
0, 0, 885, 1
0, 0
0, 0
0, 0
0, 0, 1112, 1
0, 0, 886, 1
0, 0
0, 0
0, 0
0, 0
0, 0, 888, 1
0, 0
0, 0, 1002, 1
0, 0, 919, 1
0, 0, 1172, 1
0, 0, 1028, 1
0, 0, 1171, 1
0, 0, 910, 1
0, 0
0, 0
0, 0, 604, 1
0, 0, 498, 1
0, 0, 1665, 1
0, 0, 2990, 1
0, 0, 3120, 1
0, 0
0, 0
0, 0, 3578, 1
0, 0
0, 0
0, 0, 1652, 1
0, 0
0, 0, 526, 1
0, 0
0, 0, 1335, 1
0, 0
0, 0, 1924, 1
0, 0
0, 0
0, 0
0, 0, 546, 1
0, 0, 1153, 1
0, 0
0, 0
0, 0
0, 0
0, 0
0, 0, 1153, 1
0, 0, 1144, 1
0, 0, 574, 1
0, 0
0, 0
0, 0, 551, 1
0, 0, 743, 1
0, 0
0, 0
0, 0, 570, 1
0, 0, 549, 1
0, 0, 672, 1
0, 0
0, 0, 1756, 1
0, 0, 1968, 1
0, 0
0, 0
0, 0
0, 0
0, 0
0, 0
0, 0, 2935, 1
0, 0
0, 0, 784, 1
0, 0
0, 0, 2610, 1
0, 0, 915, 1
0, 0
0, 0, 2475, 1
0, 0, 3527, 1
0, 0, 444, 1
0, 0, 2468, 1
0, 0
0, 0, 696, 1
0, 0
0, 0
0, 0
0, 0, 815, 1
0, 0, 699, 1
0, 0, 697, 1
0, 0, 789, 1
0, 0
0, 0, 818, 1
0, 0
0, 0, 861, 1
0, 0, 697, 1
0, 0
0, 0
0, 0, 839, 1
0, 0
0, 0, 818, 1
0, 0
0, 0
0, 0, 699, 1
0, 0, 4671, 1
0, 0
0, 0
0, 0
0, 0, 1898, 1
0, 0
0, 0
0, 0
0, 0, 657, 1
0, 0, 5474, 1
0, 0
0, 0, 5084, 1
0, 0
0, 0, 4351, 1
0, 0, 1985, 1
0, 0
0, 0, 860, 1
0, 0, 2546, 1
0, 0
0, 0, 22, 1
0, 0
0, 0
0, 0
0, 0, 44, 1
0, 0, 43, 1
0, 0, 377, 1
0, 0, 145, 1
0, 0
0, 0
0, 0, 46, 1
0, 0, 141, 1
0, 0, 21, 1
0, 0, 378, 1
0, 0
0, 0, 47, 1
0, 0
0, 0
0, 0
0, 0
0, 0, 4621, 1
0, 0
0, 0
0, 0, 86, 1
0, 0
0, 0, 4881, 1
0, 0, 3517, 1
0, 0, 365, 1
0, 0
0, 0, 1270, 1
0, 0, 60, 1
0, 0, 1240, 1
0, 0
0, 0, 4283, 1
0, 0, 818, 1
0, 0
0, 0
0, 0
0, 0
0, 0
0, 0
0, 0, 551, 1
0, 0, 553, 1
0, 0, 599, 1
0, 0
0, 0, 891, 1
0, 0, 599, 1
0, 0
0, 0
0, 0, 504, 1
0, 0
0, 0
0, 0
0, 0, 551, 1
0, 0, 696, 1
0, 0
0, 0, 698, 1
0, 0
0, 0, 879, 1
0, 0
0, 0, 747, 1
0, 0, 3923, 1
0, 0
0, 0
0, 0
0, 0, 3797, 1
0, 0
0, 0
0, 0
0, 0, 5093, 1
0, 0, 2614, 1
0, 0, 3468, 1
0, 0, 3056, 1
0, 0, 2788, 1
0, 0
0, 0
0, 0
0, 0
0, 0, 1043, 1
0, 0, 5167, 1
0, 0, 1318, 1
0, 0, 811, 1
0, 0
0, 0
0, 0, 1319, 1
0, 0
0, 0
0, 0, 815, 1
0, 0
0, 0
0, 0, 1318, 1
0, 0, 1391, 1
0, 0, 1378, 1
0, 0
0, 0
0, 0, 844, 1
0, 0, 879, 1
0, 0
0, 0, 1, 1
0, 0
0, 0, 2991, 1
0, 0, 4393, 1
0, 0, 5351, 1
0, 0, 4631, 1
0, 0, 2083, 1
0, 0, 499, 1
0, 0, 966, 1
0, 0
0, 0
0, 0, 1003, 1
0, 0, 4984, 1
0, 0
0, 0
0, 0
0, 0
0, 0
0, 0
0, 0, 3782, 1
0, 0
0, 0
0, 0, 1444, 1
0, 0, 865, 1
0, 0
0, 0
0, 0
0, 0
0, 0, 1991, 1
0, 0
0, 0
0, 0, 1992, 1
0, 0, 1824, 1
0, 0, 2906, 1
0, 0, 2738, 1
0, 0, 1991, 1
0, 0
0, 0, 1488, 1
0, 0, 1485, 1
0, 0
0, 0
0, 0
0, 0, 3382, 1
0, 0
0, 0
0, 0, 4308, 1
0, 0, 4175, 1
0, 0, 4626, 1
0, 0
0, 0, 1606, 1
0, 0, 3613, 1
0, 0
0, 0, 4605, 1
0, 0, 4361, 1
0, 0
0, 0
0, 0, 5175, 1
0, 0
0, 0
0, 0, 4571, 1
0, 0
0, 0
0, 0, 1175, 1
0, 0
0, 0, 1220, 1
0, 0, 1341, 1
0, 0, 1195, 1
0, 0, 1366, 1
0, 0, 1610, 1
0, 0, 1540, 1
0, 0
0, 0
0, 0
0, 0
0, 0, 1185, 1
0, 0
0, 0, 17, 1
0, 0
0, 0
0, 0
0, 0
0, 0, 1612, 1
0, 0, 2402, 1
0, 0, 2413, 1
0, 0, 2467, 1
0, 0
0, 0
0, 0, 818, 1
0, 0, 1649, 1
0, 0
0, 0
0, 0, 2293, 1
0, 0, 897, 1
0, 0
0, 0, 221, 1
0, 0
0, 0, 926, 1
0, 0
0, 0
0, 0
0, 0, 3205, 1
0, 0
0, 0, 139, 1
0, 0, 213, 1
0, 0
0, 0
0, 0, 142, 1
0, 0, 142, 1
0, 0, 147, 1
0, 0
0, 0
0, 0
0, 0
0, 0, 216, 1
0, 0
0, 0
0, 0, 142, 1
0, 0
0, 0, 140, 1
0, 0, 140, 1
0, 0, 218, 1
0, 0
0, 0, 4163, 1
0, 0
0, 0
0, 0, 4663, 1
0, 0
0, 0
0, 0
0, 0
0, 0, 5275, 1
0, 0, 85, 1
0, 0, 2379, 1
0, 0, 2813, 1
0, 0, 617, 1
0, 0, 1134, 1
0, 0, 4649, 1
0, 0
0, 0
0, 0
0, 0, 968, 1
0, 0
0, 0, 986, 1
0, 0
0, 0
0, 0, 1002, 1
0, 0, 1007, 1
0, 0, 1007, 1
0, 0, 2930, 1
0, 0, 1008, 1
0, 0, 17, 1
0, 0, 986, 1
0, 0, 1006, 1
0, 0
0, 0, 2838, 1
0, 0
0, 0
0, 0
0, 0
0, 0
0, 0
0, 0
0, 0, 2915, 1
0, 0, 2312, 1
0, 0
0, 0
0, 0
0, 0
0, 0
0, 0
0, 0
0, 0, 4823, 1
0, 0, 299, 1
0, 0, 825, 1
0, 0
0, 0, 2795, 1
0, 0, 4415, 1
0, 0
0, 0, 3324, 1
0, 0, 5503, 1
0, 0, 2200, 1
0, 0
0, 0, 233, 1
0, 0, 738, 1
0, 0
0, 0, 231, 1
0, 0, 689, 1
0, 0
0, 0
0, 0
0, 0, 307, 1
0, 0, 233, 1
0, 0, 311, 1
0, 0, 671, 1
0, 0
0, 0
0, 0, 741, 1
0, 0, 741, 1
0, 0
0, 0
0, 0
0, 0
0, 0, 3258, 1
0, 0, 2677, 1
0, 0, 973, 1
0, 0
0, 0
0, 0, 3979, 1
0, 0, 2536, 1
0, 0, 2516, 1
0, 0, 257, 1
0, 0, 4251, 1
0, 0, 804, 1
0, 0
0, 0
0, 0
0, 0
0, 0, 560, 1
0, 0
0, 0
0, 0
0, 0
0, 0
0, 0
0, 0
0, 0
0, 0
0, 0
0, 0
0, 0
0, 0
0, 0
0, 0
0, 0, 306, 1
0, 0
0, 0
0, 0
0, 0
0, 0
0, 0
0, 0
0, 0
0, 0, 1378, 1
0, 0, 23, 1
0, 0
0, 0
0, 0
0, 0
0, 0
0, 0
0, 0
0, 0
0, 0
0, 0, 4012, 1
0, 0, 3008, 1
0, 0
0, 0, 748, 1
0, 0, 4469, 1
0, 0, 2145, 1
0, 0, 1292, 1
0, 0, 2999, 1
0, 0, 3526, 1
0, 0, 221, 1
0, 0
0, 0
0, 0
0, 0
0, 0, 233, 1
0, 0, 232, 1
0, 0, 222, 1
0, 0, 223, 1
0, 0, 979, 1
0, 0
0, 0, 978, 1
0, 0
0, 0
0, 0, 232, 1
0, 0
0, 0, 980, 1
0, 0
0, 0, 273, 1
0, 0
0, 0, 596, 1
0, 0
0, 0, 2413, 1
0, 0, 2748, 1
0, 0, 2161, 1
0, 0, 677, 1
0, 0, 1492, 1
0, 0
0, 0
0, 0, 1714, 1
0, 0
0, 0
0, 0
0, 0, 1359, 1
0, 0, 2341, 1
0, 0
0, 0
0, 0, 1570, 1
0, 0
0, 0
0, 0, 1146, 1
0, 0
0, 0
0, 0, 1320, 1
0, 0, 1147, 1
0, 0, 1366, 1
0, 0, 1843, 1
0, 0
0, 0
0, 0, 1172, 1
0, 0
0, 0
0, 0, 1482, 1
0, 0
0, 0
0, 0
0, 0, 1845, 1
0, 0
0, 0, 1898, 1
0, 0, 1345, 1
0, 0, 237, 1
0, 0
0, 0
0, 0, 3263, 1
0, 0, 3640, 1
0, 0
0, 0, 985, 1
0, 0
0, 0, 779, 1
0, 0
0, 0, 51, 1
0, 0, 4095, 1
0, 0, 4332, 1
0, 0
0, 0, 2001, 1
0, 0, 1483, 1
0, 0
0, 0
0, 0
0, 0
0, 0, 237, 1
0, 0
0, 0
0, 0, 238, 1
0, 0
0, 0, 331, 1
0, 0, 329, 1
0, 0, 333, 1
0, 0, 330, 1
0, 0
0, 0, 330, 1
0, 0, 236, 1
0, 0, 329, 1
0, 0
0, 0
0, 0
0, 0
0, 0, 238, 1
0, 0
0, 0
0, 0, 2444, 1
0, 0
0, 0
0, 0, 3521, 1
0, 0, 3358, 1
0, 0, 1778, 1
0, 0
0, 0
0, 0, 294, 1
0, 0
0, 0, 355, 1
0, 0, 375, 1
0, 0
0, 0, 4646, 1
0, 0, 1230, 1
0, 0
0, 0
0, 0
0, 0, 5178, 1
0, 0
0, 0, 311, 1
0, 0, 380, 1
0, 0, 381, 1
0, 0
0, 0, 480, 1
0, 0, 382, 1
0, 0
0, 0, 357, 1
0, 0
0, 0
0, 0, 333, 1
0, 0, 312, 1
0, 0, 312, 1
0, 0, 310, 1
0, 0
0, 0
0, 0
0, 0
0, 0
0, 0
0, 0, 5, 1
0, 0
0, 0
0, 0, 823, 1
0, 0, 4130, 1
0, 0
0, 0
0, 0
0, 0, 3925, 1
0, 0
0, 0, 4966, 1
0, 0, 2616, 1
0, 0
0, 0
0, 0, 4539, 1
0, 0, 3295, 1
0, 0
0, 0, 1643, 1
0, 0, 5415, 1
0, 0
0, 0, 1654, 1
0, 0
0, 0, 1706, 1
0, 0
0, 0, 1680, 1
0, 0, 1678, 1
0, 0, 1706, 1
0, 0, 1680, 1
0, 0
0, 0
0, 0
0, 0, 1701, 1
0, 0, 1656, 1
0, 0, 1535, 1
0, 0
0, 0
0, 0
0, 0, 1656, 1
0, 0
0, 0
0, 0, 2855, 1
0, 0
0, 0, 931, 1
0, 0, 4152, 1
0, 0, 5120, 1
0, 0
0, 0
0, 0
0, 0, 2341, 1
0, 0, 2099, 1
0, 0, 1859, 1
0, 0
0, 0
0, 0, 2372, 1
0, 0
0, 0
0, 0, 667, 1
0, 0, 3544, 1
0, 0
0, 0
0, 0, 982, 1
0, 0
0, 0, 1296, 1
0, 0
0, 0
0, 0
0, 0, 1053, 1
0, 0
0, 0, 1490, 1
0, 0
0, 0, 984, 1
0, 0
0, 0, 1440, 1
0, 0, 1102, 1
0, 0, 1150, 1
0, 0
0, 0, 980, 1
0, 0, 1489, 1
0, 0
0, 0
0, 0, 1709, 1
0, 0, 911, 1
0, 0, 4962, 1
0, 0, 40, 1
0, 0
0, 0
0, 0
0, 0
0, 0
0, 0
0, 0, 1678, 1
0, 0, 1478, 1
0, 0, 4212, 1
0, 0
0, 0
0, 0
0, 0, 316, 1
0, 0, 3920, 1
0, 0
0, 0, 5000, 1
0, 0, 1, 1
0, 0, 19, 1
0, 0
0, 0, 49, 1
0, 0
0, 0, 20, 1
0, 0, 22, 1
0, 0
0, 0, 2, 1
0, 0
0, 0, 189, 1
0, 0, 75, 1
0, 0, 22, 1
0, 0
0, 0
0, 0, 65, 1
0, 0
0, 0
0, 0
0, 0
0, 0, 4515, 1
0, 0
0, 0, 2039, 1
0, 0
0, 0, 4167, 1
0, 0
0, 0, 2741, 1
0, 0, 727, 1
0, 0
0, 0
0, 0
0, 0, 2994, 1
0, 0, 3910, 1
0, 0, 340, 1
0, 0
0, 0
0, 0, 1844, 1
0, 0, 706, 1
0, 0
0, 0
0, 0, 717, 1
0, 0
0, 0
0, 0, 815, 1
0, 0, 815, 1
0, 0
0, 0, 1003, 1
0, 0, 815, 1
0, 0, 716, 1
0, 0, 738, 1
0, 0
0, 0, 907, 1
0, 0
0, 0, 720, 1
0, 0
0, 0
0, 0
0, 0
0, 0, 718, 1
0, 0
0, 0, 510, 1
0, 0, 142, 1
0, 0, 759, 1
0, 0, 2101, 1
0, 0
0, 0
0, 0
0, 0, 3530, 1
0, 0
0, 0, 3995, 1
0, 0, 2342, 1
0, 0
0, 0
0, 0
0, 0
0, 0, 1712, 1
0, 0, 4220, 1
0, 0
0, 0, 890, 1
0, 0
0, 0, 4440, 1
0, 0
0, 0
0, 0
0, 0, 4967, 1
0, 0, 4752, 1
0, 0, 4752, 1
0, 0
0, 0, 4895, 1
0, 0
0, 0
0, 0, 4442, 1
0, 0, 4939, 1
0, 0
0, 0, 4943, 1
0, 0
0, 0
0, 0, 4895, 1
0, 0, 4774, 1
0, 0
0, 0, 1254, 1
0, 0, 414, 1
0, 0, 951, 1
0, 0, 121, 1
0, 0, 2867, 1
0, 0, 1124, 1
0, 0
0, 0
0, 0
0, 0, 4242, 1
0, 0, 3608, 1
0, 0
0, 0, 1757, 1
0, 0
0, 0, 2625, 1
0, 0
0, 0
0, 0
0, 0
0, 0
0, 0, 44, 1
0, 0, 211, 1
0, 0, 45, 1
0, 0
0, 0
0, 0, 139, 1
0, 0, 94, 1
0, 0
0, 0, 141, 1
0, 0, 45, 1
0, 0, 47, 1
0, 0
0, 0
0, 0
0, 0, 141, 1
0, 0
0, 0, 138, 1
0, 0
0, 0
0, 0
0, 0, 2046, 1
0, 0, 4720, 1
0, 0, 219, 1
0, 0, 3656, 1
0, 0, 5250, 1
0, 0, 2067, 1
0, 0
0, 0
0, 0
0, 0
0, 0
0, 0
0, 0, 392, 1
0, 0, 1361, 1
0, 0, 18, 1
0, 0
0, 0, 5473, 1
0, 0
0, 0
0, 0
0, 0, 475, 1
0, 0
0, 0, 1110, 1
0, 0
0, 0
0, 0
0, 0, 1110, 1
0, 0, 565, 1
0, 0
0, 0, 547, 1
0, 0, 811, 1
0, 0, 1002, 1
0, 0
0, 0
0, 0, 479, 1
0, 0, 496, 1
0, 0, 476, 1
0, 0
0, 0
0, 0
0, 0, 263, 1
0, 0, 474, 1
0, 0, 11, 1
0, 0, 586, 1
0, 0
0, 0, 1640, 1
0, 0
0, 0
0, 0
0, 0, 1941, 1
0, 0
0, 0
0, 0
0, 0
0, 0, 1361, 1
0, 0
0, 0, 510, 1
0, 0
0, 0, 847, 1
0, 0, 1870, 1
0, 0, 2, 1
0, 0, 21, 1
0, 0, 2, 1
0, 0
0, 0
0, 0
0, 0
0, 0
0, 0
0, 0
0, 0
0, 0, 232, 1
0, 0
0, 0, 1, 1
0, 0, 525, 1
0, 0
0, 0, 216, 1
0, 0, 164, 1
0, 0, 740, 1
0, 0, 381, 1
0, 0, 3665, 1
0, 0, 5187, 1
0, 0, 136, 1
0, 0, 5306, 1
0, 0, 1098, 1
0, 0
0, 0, 4174, 1
0, 0
0, 0, 1122, 1
0, 0
0, 0, 4136, 1
0, 0, 4639, 1
0, 0
0, 0, 5155, 1
0, 0
0, 0
0, 0
0, 0
0, 0
0, 0
0, 0, 72, 1
0, 0
0, 0, 141, 1
0, 0
0, 0
0, 0, 118, 1
0, 0, 120, 1
0, 0
0, 0, 141, 1
0, 0
0, 0, 140, 1
0, 0, 75, 1
0, 0, 73, 1
0, 0
0, 0, 121, 1
0, 0, 119, 1
0, 0
0, 0
0, 0
0, 0
